#Sample
#Elastic constant in Voigt notation. Cij is in unit of GPa. Sij is in unit of GPa^-1
 5.6972874999999999e+02  2.1152302000000000e+02  2.1152302000000000e+02  0.0000000000000000e+00  0.0000000000000000e+00  0.0000000000000000e+00 
 2.1152302000000000e+02  5.6972874999999999e+02  2.1152302000000000e+02  0.0000000000000000e+00  0.0000000000000000e+00  0.0000000000000000e+00 
 2.1152302000000000e+02  2.1152302000000000e+02  5.6972874999999999e+02  0.0000000000000000e+00  0.0000000000000000e+00  0.0000000000000000e+00 
 0.0000000000000000e+00  0.0000000000000000e+00  0.0000000000000000e+00  1.5716028000000000e+02  0.0000000000000000e+00  0.0000000000000000e+00 
 0.0000000000000000e+00  0.0000000000000000e+00  0.0000000000000000e+00  0.0000000000000000e+00  1.5716028000000000e+02  0.0000000000000000e+00 
 0.0000000000000000e+00  0.0000000000000000e+00  0.0000000000000000e+00  0.0000000000000000e+00  0.0000000000000000e+00  1.5716028000000000e+02 
 2.1968871327701558e-03 -5.9480466959157662e-04 -5.9480466959157651e-04  0.0000000000000000e+00  0.0000000000000000e+00  0.0000000000000000e+00 
-5.9480466959157651e-04  2.1968871327701558e-03 -5.9480466959157651e-04  0.0000000000000000e+00  0.0000000000000000e+00  0.0000000000000000e+00 
-5.9480466959157662e-04 -5.9480466959157641e-04  2.1968871327701558e-03  0.0000000000000000e+00  0.0000000000000000e+00  0.0000000000000000e+00 
 0.0000000000000000e+00  0.0000000000000000e+00  0.0000000000000000e+00  6.3629308881353484e-03  0.0000000000000000e+00  0.0000000000000000e+00 
 0.0000000000000000e+00  0.0000000000000000e+00  0.0000000000000000e+00  0.0000000000000000e+00  6.3629308881353484e-03  0.0000000000000000e+00 
 0.0000000000000000e+00  0.0000000000000000e+00  0.0000000000000000e+00  0.0000000000000000e+00  0.0000000000000000e+00  6.3629308881353484e-03 
